<?xml version="1.0"?>
<opencv_storage>
<H type_id="opencv-matrix">
  <rows>3</rows>
  <cols>3</cols>
  <dt>d</dt>
  <data>
    -3.5928233859193082e-02 -2.5071554158142217e-01
    6.7511199150108030e+02 5.7842213277960475e-01 1.5883076664839759e+00
    -2.9083252222211769e+02 2.3907764076179154e-03
    -7.6760182685792417e-04 1.</data></H>
</opencv_storage>
