<?xml version="1.0"?>
<opencv_storage>
<Hv1_2 type_id="opencv-matrix">
  <rows>3</rows>
  <cols>3</cols>
  <dt>d</dt>
  <data>
    -6.6564171681475492e-01 -1.3724571480716589e-02
    2.6968782959608109e+02 -1.3996263845700857e-02
    7.0180565041684040e-01 8.9022703016702650e+01
    -2.5136571589074860e-05 -2.3550817580819702e-04 1.</data></Hv1_2>
</opencv_storage>
