<?xml version="1.0"?>
<opencv_storage>
<Hv1_1 type_id="opencv-matrix">
  <rows>3</rows>
  <cols>3</cols>
  <dt>d</dt>
  <data>
    -2.1960434117395124e+01 3.5230642969083165e-01
    7.3870437822807771e+03 -1.3894844972677287e+01
    -1.2582511754424203e+01 3.1279904295694919e+03
    -4.4627271829483728e-02 -1.1137268672859731e-03 1.</data></Hv1_1>
</opencv_storage>
